          0
          0
          0
          0
          0
          0
          0
          0
         12
        155
          0
         36
         32
         12
        148
          8
          0
          0
          0
          0
          0
          0
          0
          0
          0
          0
          0
          0
          0
          0
          0
          0
          0
        113
         17
       -303
       -150
       -150
       -326
         76
         92
          0
          0
          0
          0
          0
          0
          0
          0
          0
          0
          0
          0
          0
          0
          0
          0
          2
        240
       -170
        -57
          0
          0
        -70
       -148
        220
          0
          0
          0
          0
          0
          0
          0
          0
          0
          0
          0
          0
          0
          0
          0
          0
         52
        178
       -238
         -5
        -32
        -13
        -14
       -230
        208
         37
          0
          0
          0
          0
          0
          0
          0
          0
          0
          0
          0
          0
          0
          0
          0
        144
        -32
       -122
        -32
        -35
        -47
        -13
       -150
         18
        119
          0
          0
          0
          0
          0
          0
          0
          0
          0
          0
          0
          0
          0
          0
          8
        241
       -178
        -46
       -165
        271
        -35
        -67
        -57
       -164
        240
          2
          0
          0
          0
          0
          0
          0
          0
          0
          0
          0
          0
          0
          0
         66
        148
       -233
        -15
       -245
        362
         52
       -150
         -5
       -238
        178
         52
          0
          0
          0
          0
          0
          0
          0
          0
          0
          0
          0
          0
          0
        169
        -61
       -102
        -75
       -134
        243
        188
       -242
        -10
       -122
        -29
        147
          0
          0
          0
          0
          0
          0
          0
          0
          0
          0
          0
          0
         18
        239
       -221
        -29
       -190
        106
         87
        224
       -130
        -71
        -43
       -187
        236
         11
          0
          0
          0
          0
          0
          0
          0
          0
          0
          0
          0
         87
         92
       -195
        -24
       -220
        224
         23
        102
         59
       -166
          0
       -226
        135
         70
          0
          0
          0
          0
          0
          0
          0
          0
          0
          0
          0
        201
        -98
        -84
        -86
        -99
        190
          0
         32
        212
       -235
        -15
       -102
        -51
        174
          0
          0
          0
          0
          0
          0
          0
          0
          0
          0
         32
        212
       -245
        -15
       -189
         95
         87
          0
          0
        211
       -138
        -74
        -23
       -240
        225
         23
          0
          0
          0
          0
          0
          0
          0
          0
          0
        102
         63
       -166
        -23
       -232
        225
         23
          0
          0
         87
        107
       -189
          0
       -189
         97
         87
          0
          0
          0
          0
          0
          0
          0
          0
          0
        231
       -142
        -67
        -94
        -83
        182
          0
          0
          0
         23
        225
       -224
        -23
        -84
        -98
        201
          0
          0
          0
          0
          0
          0
          0
          0
         45
        189
       -251
         -6
       -220
        144
         70
          0
          0
          0
          0
        190
       -115
        -86
        -15
       -245
        212
         32
          0
          0
          0
          0
          0
          0
          0
        130
         17
       -137
        -37
       -146
        335
        113
        101
        101
        101
        101
        169
        253
       -196
          0
       -166
         73
        104
          0
          0
          0
          0
          0
          0
          8
        233
       -193
        -46
        -53
         19
        178
         47
         51
         51
         51
         49
         71
        210
        -89
        -13
        -57
       -179
        234
          2
          0
          0
          0
          0
          0
         58
        179
       -237
         -1
          0
        -53
       -156
       -152
       -152
       -152
       -152
       -152
       -154
       -141
         -9
         -2
         -5
       -244
        197
         46
          0
          0
          0
          0
          0
        167
        -72
       -103
          0
        -65
       -157
       -152
       -152
       -152
       -152
       -152
       -152
       -152
       -152
       -152
        -23
         -1
       -127
        -16
        139
          0
          0
          0
          0
         16
        232
       -211
        -32
        -65
        -66
        158
         46
         51
         51
         51
         51
         51
         51
         53
        168
       -145
        -27
        -44
       -192
        235
          8
          0
          0
          0
         75
        136
       -210
          0
       -201
        121
        180
        101
        101
        101
        101
        101
        101
        101
        101
        254
        -53
       -102
         -1
       -235
        179
         58
          0
          0
          0
        191
       -111
        -86
        -32
       -211
        241
         16
          0
          0
          0
          0
          0
          0
          0
          0
         72
        127
       -224
          0
       -103
        -72
        167
          0
          0
         24
        235
       -219
        -24
       -102
        -60
        167
          0
          0
          0
          0
          0
          0
          0
          0
          0
         11
        238
       -187
        -43
        -32
       -211
        241
         16
          0
        102
         52
       -175
          0
       -215
        140
         70
          0
          0
          0
          0
          0
          0
          0
          0
          0
          0
        147
        -23
       -118
          0
       -201
        101
         84
          0
        201
       -151
        -70
        -32
       -218
        227
         16
          0
          0
          0
          0
          0
          0
          0
          0
          0
          0
         58
        163
       -251
         -1
        -85
       -120
        180
          0
        156
       -410
       -224
       -308
        -90
        160
          0
          0
          0
          0
          0
          0
          0
          0
          0
          0
          0
          7
        223
       -239
       -257
       -235
       -389
        167
         12
         50
        124
        123
        105
        150
         12
          0
          0
          0
          0
          0
          0
          0
          0
          0
          0
          0
          0
         28
        165
        106
        123
        119
         50
          0
          2
         40
         56
         54
         12
          0
          0
          0
          0
          0
          0
          0
          0
          0
          0
          0
          0
          0
          0
         21
         56
         56
         38
          0
          0
