          0
     218305
     833844
     809495
      97408
          0
         96
     197685
    1081386
    2423327
     636525
     142574
          0
          0
          0
          0
          0
          0
          0
          0
          0
          0
       8150
     119820
      99721
     210440
     208612
     176778
      88080
     109052
        970
     196792
     385003
    1246924
    1077517
     412030
     295755
     211165
     229912
    1202058
    5048670
     634499
     231756
          0
          0
          0
          0
          0
          0
          0
          0
          0
          0
      14311
     255440
     294904
     332629
     195587
     306719
     311731
     150613
        507
     420235
     506547
    2104988
    1288245
     498540
     370457
      67175
     148576
    1273558
    1691627
     714201
      60484
          0
          0
          0
          0
          0
          0
          0
          0
          0
          0
      11624
     238249
     231633
     226382
     269460
     271021
     260607
     221069
       6164
     377636
     270776
    1197198
    1210961
     365863
     308071
        466
      63158
     471835
     661310
     441279
      36007
          0
          0
          0
          0
          0
          0
          0
          0
          0
          0
       8124
     176490
     492752
     548657
      86693
     558598
     525305
      76623
        507
     149171
     475343
    1080930
    1055911
     522225
     122954
          0
          0
          0
          0
          0
          0
          0
          0
          0
          0
          0
          0
          0
          0
          0
          0
        410
      35106
     163610
     179507
     147742
     183312
     163924
      17981
          0
      35004
     534467
     858973
     884461
     452663
      59147
          0
          0
          0
          0
          0
          0
          0
          0
          0
          0
          0
          0
          0
          0
          0
          0
          0
      13626
     136562
     165515
     176055
     110553
     118505
       3341
          0
      27143
     346037
      69943
     363081
     182217
          0
          0
          0
          0
          0
          0
          0
          0
          0
          0
          0
          0
          0
          0
          0
          0
          0
          0
          0
          8
      67278
      80748
      13569
          0
          0
          0
          0
          0
          0
          0
          0
          0
          0
          0
          0
          0
          0
          0
          0
          0
          0
          0
          0
          0
          0
          0
          0
          0
          0
          0
          0
          0
          0
          0
          0
          0
          0
          0
          0
          0
          0
          0
          0
          0
          0
          0
          0
          0
          0
          0
          0
          0
          0
          0
          0
          0
          0
          0
          0
          0
          0
          0
          0
          0
          0
          0
          0
          0
          0
          0
          0
          0
          0
          0
         76
        112
        112
         80
          0
          0
          0
          0
          0
          0
          0
          0
          0
          0
          0
          0
          0
          0
          0
          0
          0
          0
          0
          0
          0
        200
     209998
      79417
     158464
      49989
          0
     147210
     258592
     230731
      86564
      30108
          0
          0
          0
          0
          0
          0
          0
          0
          0
          0
          0
          0
          0
          0
          0
          0
          0
          0
          0
          0
      89226
     751694
    1386424
    1152017
      93681
          0
      97779
     225848
     275764
      95292
      86007
      84369
          0
          0
          0
          0
          0
          0
          0
          0
          0
          0
          0
          0
          0
          0
          0
          0
          0
          0
          0
     101256
     480800
    2819601
    1377184
     199143
          0
      97779
     252579
     302143
     251691
      90119
      83560
      84568
          0
          0
          0
          0
          0
          0
          0
          0
          0
          0
          0
          0
          0
          0
          0
          0
          0
          0
     264210
     500953
    6704967
    1340531
     287327
          0
      97955
     399318
     478118
     522846
     673198
     512229
     277611
     201667
          0
          0
          0
          0
          0
          0
          0
          0
      24340
          0
      25576
          0
          0
          0
          0
          0
          0
      93908
     567796
    2069205
    1462099
      80099
          0
     119685
     324684
     495465
     534737
     435322
     550330
     289137
      37975
          0
          0
          0
          0
          0
          0
        784
      88813
     166739
     260152
     168368
      84170
          0
          0
          0
          0
          0
      54827
     650848
     318689
     869956
      78418
          0
      68979
     298147
     215441
      34485
     128724
     159272
     142030
       7710
          0
          0
          0
          0
          0
         24
     129804
     125159
     238363
     353919
     253016
      74830
     105981
          0
          0
          0
          0
          0
        310
          0
          0
          0
          0
          0
      98875
     154856
      79794
      79794
     181642
     102388
          0
          0
          0
          0
          0
          0
        768
     535059
     200232
     257293
     223010
     388147
     525197
     445815
          0
          0
          0
          0
          0
          0
          0
          0
          0
          0
          0
          0
          0
          0
          0
          0
          0
          0
          0
          0
          0
          0
          0
          0
     569350
     899336
     270339
     134974
     252593
    1049356
     451187
          0
          0
          0
          0
          0
          0
          0
          0
          0
          0
          0
          0
          0
          0
          0
     174419
      98705
     203145
      73978
          0
          0
          0
          0
          0
     455437
    1162217
     417541
     562320
     396519
    1006081
     308069
          0
          0
          0
          0
          0
          0
          0
          0
          0
          0
          0
          0
          0
          0
      79041
     249561
    1073165
    1137622
      98190
          0
          0
          0
          0
          0
     113471
     722785
     522145
     584116
     570420
     753819
          0
          0
          0
          0
          0
          0
          0
          0
          0
          0
          0
          0
          0
          0
          0
      88672
     478191
    2468229
    2277372
     369408
      14478
          0
          0
          0
          0
          0
     260243
     271735
     124234
     305565
     296789
          0
          0
          0
          0
          0
          0
          0
          0
          0
          0
          0
          0
          0
          0
          0
     268541
     274489
    5121478
    2218076
     316272
      78608
          0
          0
          0
          0
          0
      25076
      23108
      22924
      26535
        312
          0
          0
          0
          0
          0
          0
          0
          0
          0
          0
          0
          0
          0
          0
          0
      63776
     676509
    2249061
    1608082
     204134
          0
          0
          0
          0
          0
          0
          0
          0
          0
          0
          0
          0
          0
          0
          0
          0
          0
      44188
      83002
      89833
      79211
      77966
          0
          0
          0
          0
      49802
     228952
     648493
     709728
      56551
          0
          0
          0
          0
          0
      56417
     239569
     307328
     233170
     237807
      69544
          0
          0
          0
          0
          0
          0
     140259
     270426
     714642
     513347
     219330
          0
          0
          0
          0
          0
        606
        310
        296
        310
          0
          0
          0
          0
          0
      56485
     297757
     404659
     589384
     417801
     227528
          0
          0
          0
          0
          0
          0
     141019
     188746
     294829
     194513
     232679
          0
          0
          0
          0
          0
          0
          0
          0
          0
          0
          0
          0
          0
          0
      57004
     185974
     584090
     632275
     442630
     199689
          0
          0
          0
          0
          0
     151240
     311030
     199274
     462011
     294918
     245932
     259440
          0
          0
          0
          0
          0
          0
          0
          0
          0
          0
          0
          0
          0
      49537
     362330
     475498
     609334
     409925
     196607
          0
          0
          0
          0
          0
     134796
     385626
     418612
     292301
     481081
     365105
     165937
          0
          0
          0
          0
          0
          0
          0
          0
          0
          0
          0
          0
          0
          0
      83267
     449339
     410129
     345826
        716
          0
          0
          0
          0
          0
       1238
     422308
     379666
     345886
     421028
     390305
     116476
          0
          0
          0
          0
          0
          0
          0
          0
          0
          0
          0
          0
          0
          0
      77894
     269594
     251997
      89733
          0
          0
          0
          0
          0
          0
          0
     155487
     485276
     308989
     522082
     377768
         18
          0
          0
          0
          0
          0
          0
          0
          0
          0
          0
          0
          0
          0
          0
          0
          0
          0
          0
          0
          0
          0
          0
          0
          0
          0
       2794
     272237
     309307
     285343
     137884
          0
          0
          0
          0
          0
          0
          0
          0
          0
          0
          0
          0
          0
          0
          0
          0
          0
          0
          0
          0
          0
          0
          0
          0
          0
          0
          0
     147474
     222130
     145211
          0
          0
          0
      23850
      67013
      74205
      59292
       9600
          0
          0
          0
          0
          0
          0
          0
          0
          0
          0
      26827
      83960
      62860
     130402
        734
          0
          0
          0
          0
          0
          0
          0
          0
          0
        347
      60790
      61926
     123111
     314758
     129142
      64502
      55927
        472
          0
          0
          0
          0
          0
          0
       7226
     124067
      89190
     186559
     162738
     175027
      54469
     122373
        692
          0
          0
          0
          0
          0
          0
          0
      56238
     101870
     108126
     224118
     158415
     242201
      97173
     129642
      74428
          0
          0
          0
          0
          0
          0
      12722
     261605
     293501
     342369
     202806
     293257
     312257
     160711
        930
          0
          0
          0
          0
          0
          0
          0
      56031
     133220
     126889
      80603
     164513
     116383
     137826
     129165
      75196
          0
          0
          0
          0
          0
          0
       8728
     219305
     215020
     217722
     237278
     278885
     246481
     200988
        760
          0
          0
          0
          0
          0
          0
          0
      56206
     101375
     176877
     121580
       1814
     120094
     174310
     122279
      75104
          0
          0
          0
          0
          0
          0
       9170
     134993
     448898
     554527
      90808
     574468
     558119
      67697
        552
          0
          0
          0
          0
          0
          0
          0
      82336
     235604
     225587
     159743
     176623
     142311
     276562
     238013
      22861
          0
          0
          0
          0
          0
          0
        444
      66972
     171057
     179187
     138132
     183657
     170207
      20881
          0
          0
          0
          0
          0
          0
          0
          0
          2
     173450
     179304
     256551
     148000
     224800
     248354
      99291
          0
          0
          0
          0
          0
          0
          0
          0
      12821
     138830
     152817
     177773
     122482
     133861
       4978
          0
          0
          0
          0
          0
          0
          0
          0
          0
      87353
     135784
     110716
      65749
     107489
     119295
      90657
          0
          0
          0
          0
          0
          0
          0
          0
          0
          0
      68335
      93586
      25349
          0
          0
          0
          0
          0
          0
          0
          0
          0
          0
          0
         16
      45398
      45690
      68763
      46650
      42218
          0
          0
          0
          0
          0
          0
          0
          0
          0
          0
          0
          0
          0
          0
          0
          0
          0
          0
          0
          0
          0
          0
          0
          0
          0
          0
          0
          0
        155
          0
          0
          0
          0
          0
          0
          0
          0
          0
          0
          0
          0
          0
          0
          0
          0
          0
          0
          0
          0
